UNDER-PREDICTION ANALYSIS  (n=460,913, 37.4% of dev)
============================================================
  Mean under-prediction magnitude: -308.7s
  Median under-prediction magnitude: -170.3s

=== Under-predictions by true trip duration ===
                 n  mean_under  median_under  pct_of_under  pct_of_bucket_that_unders
dur_bucket                                                                           
<5min        10057       -35.1         -27.1           2.2                        7.2
5-10min      94244       -88.4         -73.3          20.4                       29.2
10-20min    175920      -190.5        -156.2          38.2                       41.2
20-30min     93372      -350.8        -295.1          20.3                       49.7
30-60min     71805      -624.1        -494.3          15.6                       54.8
1-2hr        15136     -1341.0        -942.7           3.3                       70.1
>2hr           379     -5849.1       -6145.8           0.1                      100.0

=== Under-prediction rate and magnitude by hour ===
      n_under  under_rate%  mean_under    mae
hour                                         
0     12191.0         39.2      -222.0  201.7
1      7242.0         40.1      -193.5  176.2
2      4465.0         39.9      -195.4  170.8
3      3817.0         45.1      -199.2  169.7
4      3601.0         48.1      -266.8  212.5
5      3284.0         46.4      -334.2  248.0
6      6713.0         44.1      -311.5  266.0
7     11376.0         40.1      -315.6  291.4
8     13425.0         34.1      -293.7  289.0
9     17266.0         35.3      -308.8  284.6
10    20544.0         35.2      -305.6  281.2
11    23133.0         35.1      -320.5  290.9
12    25104.0         34.3      -318.1  291.5
13    26987.0         35.2      -325.4  300.0
14    27501.0         33.6      -344.9  324.0
15    29926.0         34.5      -366.3  335.3
16    29891.0         35.3      -366.6  340.5
17    31119.0         36.1      -358.2  320.8
18    30975.0         36.5      -321.5  286.7
19    28222.0         37.7      -298.4  260.2
20    28193.0         41.9      -281.5  237.8
21    29878.0         44.6      -273.4  228.2
22    26848.0         43.9      -263.7  227.7
23    19212.0         40.8      -257.6  232.1

=== Under-prediction rate and magnitude by day of week ===
     n_under  under_rate%  mean_under
Mon  56817.0         39.1      -290.5
Tue  73958.0         39.3      -311.4
Wed  79653.0         40.3      -332.5
Thu  76409.0         38.3      -331.2
Fri  69607.0         35.6      -323.6
Sat  52701.0         32.2      -289.1
Sun  51768.0         36.8      -254.8

=== Top 20 zone pairs by systematic under-prediction (min 20 trips, sorted by bias) ===
                            n   bias     mae  n_under  mean_under  under%
pickup_zone dropoff_zone                                                 
132         264            82 -789.1  1110.1       68     -1145.1    82.9
114         265            22 -785.1  1083.3       14     -1468.0    63.6
79          265            26 -703.5  1031.1       14     -1610.8    53.8
231         264            25 -683.4  1099.6       12     -1857.3    48.0
48          61             21 -565.9   662.1       15      -859.6    71.4
70          138            63 -554.4   588.4       36     -1000.0    57.1
50          265            30 -449.6  1095.1       16     -1448.2    53.3
264         229            27 -413.5   563.9       21      -628.4    77.8
26          26             22 -393.5   444.0       19      -484.9    86.4
41          230            50 -385.7   514.2       35      -642.8    70.0
75          264            21 -360.5   455.4       15      -571.2    71.4
138         138           341 -359.3   500.6      178      -823.6    52.2
143         264            32 -352.8   435.6       24      -525.6    75.0
264         163            39 -351.9   699.9       22      -932.2    56.4
249         264            81 -334.0   653.4       41      -975.4    50.6
260         260            34 -332.6   451.6       15      -888.7    44.1
93          132            29 -324.9   760.5       13     -1210.6    44.8
61          138            29 -322.9   417.1       19      -564.7    65.5
140         264            90 -321.8   464.1       60      -589.4    66.7
39          39             29 -321.5   340.5       26      -369.2    89.7

=== Under-prediction magnitude percentiles ===
  P10: -709s
  P25: -369s
  P50: -170s
  P75: -70s
  P90: -26s
  P95: -13s
  P99: -3s

=== Hour lift: under-predictions vs overall trip distribution ===
      overall%  under%  lift
hour                        
4          0.6     0.8  1.33
6          1.2     1.5  1.25
